1.600000
1.607813
1.615625
1.623438
1.631250
1.639063
1.646875
1.654688
1.662500
1.670313
1.678125
1.685938
1.693750
1.701563
1.709375
1.717188
1.725000
1.732813
1.740625
1.748438
1.756250
1.764063
1.771875
1.779688
1.787500
1.795313
1.803125
1.810938
1.818750
1.826563
1.834375
1.842188
1.850000
1.857813
1.865625
1.873438
1.881250
1.889063
1.896875
1.904688
1.912500
1.920313
1.928125
1.935938
1.943750
1.951563
1.959375
1.967188
1.975000
1.982813
1.990625
1.998438
2.006250
2.014063
2.021883
2.029700
2.037507
2.045328
2.053138
2.060951
2.068763
2.076577
2.084398
2.092211
2.100023
2.107840
2.115648
2.123455
2.131264
2.139073
2.146868
2.154656
2.162448
2.170243
2.178023
2.185811
2.193592
2.201350
2.209107
2.216850
2.224592
2.232323
2.240048
2.247755
2.255436
2.263111
2.270774
2.278416
2.286029
2.293623
2.301192
2.308746
2.316262
2.323751
2.331208
2.338647
2.346042
2.353410
2.360745
2.368042
2.375296
2.382503
2.389681
2.396802
2.403886
2.410930
2.417916
2.424853
2.431751
2.438592
2.445374
2.452106
2.458785
2.465422
2.471999
2.478514
2.484977
2.491388
2.497741
2.504036
2.510285
2.516470
2.522604
2.528670
2.534680
2.540641
2.546552
2.552401
2.558196
2.563934
2.569623
2.575260
2.580836
2.586367
2.591841
2.597259
2.602627
2.607943
2.613208
2.618419
2.623585
2.628705
2.633777
2.638801
2.643775
2.648709
2.653592
2.658432
2.663230
2.667983
2.672692
2.677355
2.681982
2.686573
2.691116
2.695621
2.700088
2.704516
2.708904
2.713253
2.717571
2.721848
2.726095
2.730299
2.734472
2.738613
2.742722
2.746797
2.750840
2.754849
2.758824
2.762771
2.766689
2.770580
2.774440
2.778270
2.782069
2.785838
2.789577
2.793292
2.796985
2.800647
2.804279
2.807887
