1.600000 
1.607413 
1.614825 
1.622238 
1.629650 
1.637063 
1.644475 
1.651888 
1.659300 
1.666713 
1.674125 
1.681538 
1.688950 
1.696363 
1.703775 
1.711188 
1.718600 
1.726013 
1.733425 
1.740838 
1.748250 
1.755663 
1.763075 
1.770488 
1.777900 
1.785313 
1.792725 
1.800138 
1.807550 
1.814963 
1.822375 
1.829788 
1.837200 
1.844613 
1.852025 
1.859438 
1.866850 
1.874263 
1.881675 
1.889088 
1.896500 
1.903913 
1.911325 
1.918738 
1.926150 
1.933563 
1.940975 
1.948388 
1.955800 
1.963213 
1.970625 
1.978038 
1.985450 
1.992863 
2.000283 
2.007700 
2.015107 
2.022528 
2.029938 
2.037351 
2.044763 
2.052177 
2.059598 
2.067011 
2.074423 
2.081840 
2.089248 
2.096655 
2.104064 
2.111473 
2.118868 
2.126256 
2.133648 
2.141043 
2.148423 
2.155811 
2.163192 
2.170550 
2.177907 
2.185250 
2.192592 
2.199923 
2.207248 
2.214555 
2.221836 
2.229111 
2.236374 
2.243616 
2.250829 
2.258023 
2.265192 
2.272346 
2.279462 
2.286551 
2.293608 
2.300647 
2.307642 
2.314610 
2.321545 
2.328442 
2.335296 
2.342103 
2.348881 
2.355602 
2.362286 
2.368930 
2.375516 
2.382053 
2.388551 
2.394992 
2.401374 
2.407706 
2.413985 
2.420222 
2.426399 
2.432514 
2.438577 
2.444588 
2.450541 
2.456436 
2.462285 
2.468070 
2.473804 
2.479470 
2.485080 
2.490641 
2.496152 
2.501601 
2.506996 
2.512334 
2.517623 
2.522860 
2.528036 
2.533167 
2.538241 
2.543259 
2.548227 
2.553143 
2.558008 
2.562819 
2.567585 
2.572305 
2.576977 
2.581601 
2.586175 
2.590709 
2.595192 
2.599632 
2.604030 
2.608383 
2.612692 
2.616955 
2.621182 
2.625373 
2.629516 
2.633621 
2.637688 
2.641716 
2.645704 
2.649653 
2.653571 
2.657448 
2.661295 
2.665099 
2.668872 
2.672613 
2.676322 
2.679997 
2.683640 
2.687249 
2.690824 
2.694371 
2.697889 
2.701380 
2.704840 
2.708270 
2.711669 
2.715038 
2.718377 
2.721692 
2.724985 
2.728247 
2.731479 
2.734687 
